% 新数据
data = [
                    2.00000000E+00    1.00000000E+01    1.00000000E+00   -6.94551989E-02   -2.94616358E+00    5.13547809E-02    1.76748692E-01    2.16273392E-01   -1.47869011E-01   
                   3.20000000E+00    1.00000000E+01    1.00000000E+00   -1.45462968E+00   -2.81026102E+00    1.96642880E-01    2.23033403E-01    1.20143232E-01   -5.22013286E-01   
                   4.40000000E+00    1.00000000E+01    1.00000000E+00   -2.78023111E+00   -8.72123818E-01    5.54229959E-01   -8.16045543E-02   -7.08069553E-01   -5.47842543E-01   
                   5.60000000E+00    1.00000000E+01    1.00000000E+00   -1.70710009E+00    1.87076698E+00    6.12728910E-02   -5.72905979E-01   -7.49795295E-01    2.82971760E-01   
                   6.80000000E+00    1.00000000E+01    1.00000000E+00    1.22554760E+00    1.64221272E+00   -5.33629732E-01   -1.89674015E-01    8.89732553E-02    8.11544840E-01   
                   8.00000000E+00    1.00000000E+01    1.00000000E+00    9.27298775E-01   -1.13552725E+00   -1.77991022E-01    5.74862371E-01    5.51766094E-01   -2.33897164E-01   
                   2.00000000E+00    1.10000000E+01    1.00000000E+00   -2.62988649E+00    1.45362217E+00    1.40535138E-01   -1.34151271E-01   -2.17174721E-01   -7.57864448E-02   
                   3.20000000E+00    1.10000000E+01    1.00000000E+00   -1.90531425E+00    2.63558834E+00    1.40323215E-01   -2.06935058E-01   -4.77913460E-01    6.94257780E-02   
                   4.40000000E+00    1.10000000E+01    1.00000000E+00    3.51307338E-01    3.03001837E+00   -2.22676778E-01   -5.34384252E-01   -2.51372159E-01    7.96807937E-01   
                   5.60000000E+00    1.10000000E+01    1.00000000E+00    2.47811961E+00    9.57301328E-01   -6.91375485E-01    8.84116615E-02    5.84169019E-01    5.18765797E-01   
                   6.80000000E+00    1.10000000E+01    1.00000000E+00    1.29194613E+00   -1.75864755E+00    9.68810170E-03    6.64353688E-01    5.89114425E-01   -3.04401083E-01   
                   8.00000000E+00    1.10000000E+01    1.00000000E+00   -1.48934430E+00   -7.96891377E-01    6.13638639E-01    1.87459744E-02   -2.62948628E-01   -4.13782193E-01   
                   2.00000000E+00    1.00000000E+01    2.00000000E+00    1.89427498E+00    3.61756993E+00   -1.71014574E-01   -2.54548948E-01   -4.11816833E-02    1.86792612E-01   
                   3.20000000E+00    1.00000000E+01    2.00000000E+00    3.61087260E+00    2.47016495E+00   -4.55861476E-01   -1.94423283E-01    2.40420148E-01    5.49172966E-01   
                   4.40000000E+00    1.00000000E+01    2.00000000E+00    3.98567271E+00   -8.07428924E-01   -6.04393673E-01    3.57131602E-01    6.24266444E-01    9.01799694E-02   
                   5.60000000E+00    1.00000000E+01    2.00000000E+00    8.11678062E-01   -3.53154307E+00   -4.09548660E-02    8.78186214E-01    5.62990759E-01   -5.41014514E-01   
                   6.80000000E+00    1.00000000E+01    2.00000000E+00   -2.53540439E+00   -9.65913790E-01    1.17971391E+00    6.86430931E-02   -5.87856445E-01   -3.58978104E-01   
                   8.00000000E+00    1.00000000E+01    2.00000000E+00   -3.54118979E-01    1.79434680E+00   -1.87475252E-01   -1.03505790E+00   -7.88877239E-02    3.05885461E-01   
                   2.00000000E+00    1.10000000E+01    2.00000000E+00    2.35157801E+00   -3.61138490E+00   -2.50073516E-01    1.60175133E-01    1.58251841E-01   -6.09416673E-02   
                   3.20000000E+00    1.10000000E+01    2.00000000E+00    5.95462005E-01   -4.54282056E+00    3.15251556E-02    6.13872489E-01    2.35201755E-01   -4.07052382E-01   
                   4.40000000E+00    1.10000000E+01    2.00000000E+00   -2.52643111E+00   -3.48870538E+00    6.32603101E-01    4.17023101E-01   -2.52723989E-01   -4.67978199E-01   
                   5.60000000E+00    1.10000000E+01    2.00000000E+00   -3.80292446E+00    5.59641183E-01    7.55012707E-01   -2.71784868E-01   -4.64824672E-01   -2.24797594E-01   
                   6.80000000E+00    1.10000000E+01    2.00000000E+00   -1.97249975E-01    2.98792267E+00   -1.06544248E-01   -1.07707468E+00   -2.43808982E-01    5.24446611E-01   
                   8.00000000E+00    1.10000000E+01    2.00000000E+00    2.00949125E+00   -6.95587835E-02   -1.06721686E+00    2.80291096E-01    3.61846219E-01    2.98481533E-02   
                   2.00000000E+00    1.00000000E+01    3.00000000E+00   -3.93970501E+00   -3.24589064E+00    5.75762891E-02    2.61261334E-01    5.48099076E-02   -2.34543145E-01   
                   3.20000000E+00    1.00000000E+01    3.00000000E+00   -5.26216319E+00   -9.64913325E-01    7.96389708E-01    1.07914553E-01   -5.03618672E-01   -1.71753463E-01   
                   4.40000000E+00    1.00000000E+01    3.00000000E+00   -4.05692512E+00    2.82192364E+00    6.20468045E-01   -7.57696969E-01   -5.39860096E-01    2.64965974E-01   
                   5.60000000E+00    1.00000000E+01    3.00000000E+00    8.34060279E-01    3.91990578E+00   -6.65443878E-01   -1.00809249E+00    2.87323842E-01    6.71509489E-01   
                   6.80000000E+00    1.00000000E+01    3.00000000E+00    2.81621883E+00   -1.32910458E-01   -8.38827188E-01    4.59400118E-01    2.59799858E-01   -2.18435677E-01   
                   8.00000000E+00    1.00000000E+01    3.00000000E+00   -3.37838245E-01   -1.56487048E+00    4.47831258E-01    7.23074160E-01   -2.73332519E-01   -9.58287044E-02   
                   2.00000000E+00    1.10000000E+01    3.00000000E+00   -7.95909586E-01    5.10196867E+00    7.40204733E-02   -2.71189441E-01   -1.58357599E-02    1.21551947E-01   
                   3.20000000E+00    1.10000000E+01    3.00000000E+00    1.73151631E+00    5.18678016E+00   -8.69307246E-02   -6.63133572E-01    5.64060900E-02    4.16001721E-01   
                   4.40000000E+00    1.10000000E+01    3.00000000E+00    4.41329260E+00    2.38439277E+00   -9.43596757E-01   -3.75810884E-01    4.47659783E-01    2.01069476E-01   
                   5.60000000E+00    1.10000000E+01    3.00000000E+00    3.39638826E+00   -2.26591322E+00   -8.77519100E-01    9.36355516E-01    5.20212215E-01   -5.39876663E-01   
                   6.80000000E+00    1.10000000E+01    3.00000000E+00   -1.00953219E+00   -2.68312155E+00    8.98681364E-01    7.99335801E-01   -6.04243190E-01   -1.98573312E-01   
                   8.00000000E+00    1.10000000E+01    3.00000000E+00   -1.49504539E+00    5.91597647E-01    4.67257294E-01   -7.21186560E-01    1.01229213E-01    4.02242568E-01   
                   2.00000000E+00    1.00000000E+01    4.00000000E+00    5.62376820E+00    1.16045191E+00   -5.59139818E-01   -1.76913246E-01    3.83718339E-01    3.03256513E-03   
                   3.20000000E+00    1.00000000E+01    4.00000000E+00    5.52354879E+00   -1.54155742E+00   -5.02714139E-01    2.91274600E-01    2.73457489E-01   -1.52759112E-01   
                   4.40000000E+00    1.00000000E+01    4.00000000E+00    2.20210446E+00   -4.55808098E+00   -3.31698266E-01    1.03118184E+00    5.66020823E-02   -7.49984784E-01   
                   5.60000000E+00    1.00000000E+01    4.00000000E+00   -2.30661032E+00   -2.76739264E+00    8.07442928E-01    6.35727294E-01   -5.07213045E-01   -1.80362552E-01   
                   6.80000000E+00    1.00000000E+01    4.00000000E+00   -1.95336504E+00    1.13310366E+00    7.63626302E-01   -7.86557957E-01   -1.67001299E-01    6.12404622E-01   
                   8.00000000E+00    1.00000000E+01    4.00000000E+00    3.59556314E-01    5.00906062E-01   -8.26664393E-01   -1.41264814E-01    4.63957339E-01   -4.72284509E-01   
                   2.00000000E+00    1.10000000E+01    4.00000000E+00   -1.98819957E+00   -4.95520593E+00   -1.87661325E-01    4.93704741E-01   -3.80890499E-02   -2.52256591E-01   
                   3.20000000E+00    1.10000000E+01    4.00000000E+00   -3.93799803E+00   -3.50698379E+00    7.69216154E-01    4.01417814E-01   -5.31636891E-01   -1.80207407E-02   
