% 新数据
data = [           2.00000000E+00    1.00000000E+01    1.00000000E+00   -8.24877403E-05    4.39575970E-04   -4.81407602E-03    9.79015827E-03    3.17801459E-05    4.70352623E-03   
                   3.20000000E+00    1.00000000E+01    1.00000000E+00    3.37815455E-04    5.35036597E-04   -2.29434890E-04    1.13560589E-02    2.28275294E-03    4.56108951E-03   
                   4.40000000E+00    1.00000000E+01    1.00000000E+00    3.92471726E-04    2.08808909E-04    6.99358237E-03    7.87983848E-03    4.45902932E-03    1.53068763E-03   
                   5.60000000E+00    1.00000000E+01    1.00000000E+00    5.26902352E-04   -3.65146650E-04    8.69773665E-03   -1.92242437E-03    2.83722655E-03   -3.15821414E-03   
                   6.80000000E+00    1.00000000E+01    1.00000000E+00   -2.18665914E-04   -7.77024264E-04    8.09626528E-09   -6.89256135E-03   -2.28706734E-03   -2.91691211E-03   
                   8.00000000E+00    1.00000000E+01    1.00000000E+00   -8.37308642E-04    2.20007164E-04   -4.10341692E-03    6.97337493E-04   -1.59777169E-03    2.57237010E-03   
                   2.00000000E+00    1.10000000E+01    1.00000000E+00    1.78419173E-04    8.22264663E-05    9.98093751E-03    6.95479763E-04    4.55481063E-03   -2.32271916E-03   
                   3.20000000E+00    1.10000000E+01    1.00000000E+00    3.86072577E-04   -2.93638000E-04    9.72123743E-03   -3.70945552E-03    3.34930728E-03   -4.50332085E-03   
                   4.40000000E+00    1.10000000E+01    1.00000000E+00    1.61440900E-04   -3.19154356E-04    4.58783096E-03   -8.40626408E-03   -5.81092051E-04   -5.12451081E-03   
                   5.60000000E+00    1.10000000E+01    1.00000000E+00   -2.15884058E-04   -4.51249566E-04   -4.08073253E-03   -7.17934322E-03   -4.21230863E-03   -1.70711425E-03   
                   6.80000000E+00    1.10000000E+01    1.00000000E+00   -6.68265827E-04    2.11574791E-04   -6.37421488E-03    1.53052387E-03   -2.43671290E-03    3.22165670E-03   
                   8.00000000E+00    1.10000000E+01    1.00000000E+00    2.87752922E-04    8.15565556E-04    1.46913043E-03    4.10332576E-03    3.19658242E-03    1.52269174E-03   
                   2.00000000E+00    1.00000000E+01    2.00000000E+00    1.04001131E-04   -1.59383439E-04    1.34128373E-03   -9.39071288E-03   -2.70395377E-03   -6.07961673E-03   
                   3.20000000E+00    1.00000000E+01    2.00000000E+00    9.55298477E-05   -2.82006662E-04   -3.25783812E-03   -9.34795857E-03   -5.74682961E-03   -4.45346040E-03   
                   4.40000000E+00    1.00000000E+01    2.00000000E+00   -3.66111336E-04   -2.55587737E-04   -7.53709984E-03   -3.59008523E-03   -6.78929041E-03    1.38736910E-03   
                   5.60000000E+00    1.00000000E+01    2.00000000E+00   -2.70217929E-04    2.54860976E-04   -5.18736697E-03    3.91629420E-03   -1.26915168E-03    5.97215904E-03   
                   6.80000000E+00    1.00000000E+01    2.00000000E+00    3.52302415E-05    3.22089557E-04    1.98936964E-03    3.36690653E-03    4.47813001E-03    1.40154376E-03   
                   8.00000000E+00    1.00000000E+01    2.00000000E+00    2.35010237E-04   -2.30898019E-04    1.16279158E-03   -5.68805026E-04    3.88085644E-04   -3.15151032E-03   
                   2.00000000E+00    1.10000000E+01    2.00000000E+00   -2.72363938E-04   -1.22517970E-04   -7.29978032E-03    2.63872470E-03   -4.14341899E-03    5.91696032E-03   
                   3.20000000E+00    1.10000000E+01    2.00000000E+00   -3.46054644E-04   -9.09467373E-05   -5.72619983E-03    5.69997203E-03   -1.42141674E-03    7.59651553E-03   
                   4.40000000E+00    1.10000000E+01    2.00000000E+00   -3.32203766E-04    3.49945302E-04   -8.26782682E-05    7.28189661E-03    4.18635554E-03    6.44332339E-03   
                   5.60000000E+00    1.10000000E+01    2.00000000E+00    2.73996572E-04    1.70062586E-04    4.82789896E-03    2.56630839E-03    6.98581646E-03   -1.20461226E-03   
                   6.80000000E+00    1.10000000E+01    2.00000000E+00    2.00660888E-04   -9.39786381E-05    2.00823600E-03   -2.88672247E-03   -6.38406686E-05   -5.58191226E-03   
                   8.00000000E+00    1.10000000E+01    2.00000000E+00   -1.53321996E-04   -5.70341627E-05   -1.00785933E-03   -2.25093706E-04   -3.75567966E-03    7.46289778E-04   
                   2.00000000E+00    1.00000000E+01    3.00000000E+00   -2.00040758E-05    2.05486641E-04    2.84620260E-03    7.14517237E-03    6.29706112E-03    5.61165038E-03   
                   3.20000000E+00    1.00000000E+01    3.00000000E+00    7.57640200E-05    1.44224603E-04    5.91011429E-03    4.17427894E-03    8.72268880E-03    1.67708349E-03   
                   4.40000000E+00    1.00000000E+01    3.00000000E+00    5.81912898E-05    1.31375586E-04    6.13680769E-03   -9.51291857E-04    6.93370988E-03   -4.17474878E-03   
                   5.60000000E+00    1.00000000E+01    3.00000000E+00    1.22001702E-04    1.62481110E-04   -1.32870747E-04   -4.23695296E-03   -1.43265722E-03   -7.13430470E-03   
                   6.80000000E+00    1.00000000E+01    3.00000000E+00    3.43765347E-05    1.61879285E-04   -1.97493335E-03    2.43297782E-04   -5.18210590E-03    5.71847546E-04   
                   8.00000000E+00    1.00000000E+01    3.00000000E+00    3.42334161E-04    8.30363569E-05    1.62917057E-03    7.30003751E-04    1.19603741E-03    3.49398742E-03   
                   2.00000000E+00    1.10000000E+01    3.00000000E+00    2.27109346E-04    8.26377751E-05    2.68931437E-03   -5.22112756E-03    1.84635999E-03   -8.89464102E-03   
                   3.20000000E+00    1.10000000E+01    3.00000000E+00    1.37616902E-04   -2.40104261E-05   -7.15918295E-04   -5.88208944E-03   -3.07786705E-03   -9.29067845E-03   
                   4.40000000E+00    1.10000000E+01    3.00000000E+00    7.99917299E-05    1.05677671E-05   -3.95835141E-03   -2.61324752E-03   -7.73764434E-03   -3.85778007E-03   
                   5.60000000E+00    1.10000000E+01    3.00000000E+00    2.75952919E-04   -1.41840086E-04   -2.61098512E-03    2.51512352E-03   -6.00978675E-03    3.93240525E-03   
                   6.80000000E+00    1.10000000E+01    3.00000000E+00    8.92404449E-05   -2.69483650E-04    2.00113311E-03    1.34176748E-03    2.06985568E-03    4.94941171E-03   
                   8.00000000E+00    1.10000000E+01    3.00000000E+00   -1.52118417E-04   -3.61054684E-04    9.17764884E-05   -1.81502292E-03    3.12091737E-03   -1.33092737E-03   
                   2.00000000E+00    1.00000000E+01    4.00000000E+00    1.41793950E-04   -2.80737239E-04   -6.51632936E-03   -2.13255756E-03   -9.55630016E-03   -2.42027841E-03   
                   3.20000000E+00    1.00000000E+01    4.00000000E+00   -1.34543106E-04   -2.41097114E-04   -5.98484129E-03    1.69264227E-03   -9.53536777E-03    2.41823566E-03   
                   4.40000000E+00    1.00000000E+01    4.00000000E+00    1.59247569E-05   -9.36064329E-05   -1.17040014E-03    6.04688578E-03   -3.55872967E-03    8.76908154E-03   
                   5.60000000E+00    1.00000000E+01    4.00000000E+00    3.06377634E-04   -3.16647314E-04    4.06607993E-03    6.70991181E-04    4.61075043E-03    3.93594233E-03   
                   6.80000000E+00    1.00000000E+01    4.00000000E+00   -3.29862643E-04   -6.94442751E-04    5.72509084E-05   -3.68955110E-03    3.21670744E-03   -2.72532248E-03   
                   8.00000000E+00    1.00000000E+01    4.00000000E+00   -9.23048035E-04    3.51400268E-04   -2.67036974E-03    2.56085593E-03   -1.50676250E-03   -4.34351431E-05   
                   2.00000000E+00    1.10000000E+01    4.00000000E+00   -1.64120119E-04    1.46624471E-04    3.88126041E-03    4.74303719E-03    3.76247404E-03    8.49839203E-03   
                   3.20000000E+00    1.10000000E+01    4.00000000E+00   -7.53688949E-05    1.43520578E-04    6.08685164E-03    1.69733938E-03    7.09417320E-03    6.00513865E-03   
